1 0.084961 0.582212 0.078125 0.433483
1 0.175781 0.579596 0.050781 0.356502
1 0.251709 0.572496 0.074707 0.455904
1 0.405273 0.599402 0.082031 0.364723
1 0.347168 0.625187 0.040039 0.181614
1 0.457275 0.591181 0.043457 0.251121
1 0.544678 0.630792 0.074707 0.325859
1 0.644775 0.580344 0.105957 0.591181
1 0.739990 0.566517 0.080566 0.378176
1 0.835205 0.571001 0.047363 0.354260
1 0.303711 0.608744 0.014648 0.097907
1 0.319580 0.602018 0.016113 0.123318
1 0.335205 0.600897 0.014160 0.142003
1 0.498047 0.612481 0.015625 0.082960
1 0.802246 0.609865 0.017578 0.068759
