1 0.086875 0.588951 0.088750 0.537453
1 0.205313 0.583333 0.175625 0.833333
1 0.400625 0.603933 0.110000 0.533708
1 0.469375 0.560861 0.030000 0.232210
1 0.523750 0.588015 0.083750 0.383895
1 0.585625 0.578184 0.046250 0.298689
1 0.643750 0.577247 0.060000 0.246255
1 0.709375 0.566479 0.037500 0.172285
1 0.735938 0.554775 0.023125 0.148876
1 0.776875 0.552903 0.023750 0.135768
1 0.815937 0.552434 0.026875 0.119850
1 0.850625 0.537453 0.021250 0.091760
1 0.876875 0.547753 0.021250 0.102996
1 0.906563 0.535581 0.023125 0.084270
1 0.926250 0.547753 0.021250 0.095506
1 0.793438 0.537921 0.020625 0.096442
1 0.689688 0.542135 0.019375 0.131086
