1 0.651667 0.137778 0.191333 0.106667
1 0.613667 0.038667 0.151333 0.075556
1 0.590667 0.214222 0.129333 0.119111
1 0.595667 0.316444 0.203333 0.083556
1 0.440667 0.611556 0.134667 0.067556
1 0.436667 0.539556 0.145333 0.064000
1 0.499667 0.490667 0.156667 0.074667
1 0.559667 0.809778 0.206000 0.108444
1 0.460667 0.879556 0.172000 0.086222
1 0.359667 0.930667 0.126000 0.067556
1 0.241000 0.937778 0.106000 0.055111
1 0.255000 0.880889 0.082000 0.049778
1 0.238667 0.674667 0.094667 0.053333
1 0.301000 0.583556 0.102000 0.050667
1 0.152333 0.832000 0.067333 0.039111
