1 0.041667 0.818667 0.082000 0.362667
1 0.136667 0.559111 0.061333 0.202667
1 0.198667 0.629333 0.065333 0.259556
1 0.269333 0.560889 0.078667 0.184889
1 0.349000 0.588889 0.068667 0.262222
1 0.497667 0.496889 0.046000 0.208000
1 0.544000 0.424000 0.054667 0.192000
1 0.595000 0.443111 0.039333 0.182222
1 0.717667 0.640444 0.064667 0.276444
1 0.882000 0.651111 0.080000 0.304889
1 0.791000 0.520000 0.056667 0.231111
1 0.845000 0.400889 0.043333 0.172444
1 0.828667 0.267556 0.033333 0.135111
1 0.874000 0.245333 0.037333 0.136889
1 0.957667 0.280444 0.028667 0.146667
1 0.603667 0.254222 0.031333 0.140444
1 0.680000 0.191111 0.030667 0.126222
1 0.758667 0.166222 0.030667 0.119111
1 0.813000 0.110667 0.022000 0.091556
1 0.636333 0.204000 0.022000 0.132444
