1 0.705556 0.784763 0.070000 0.368859
1 0.208333 0.696087 0.066667 0.321399
1 0.059167 0.626978 0.052778 0.189842
1 0.341667 0.642798 0.031111 0.228143
1 0.312778 0.619067 0.031111 0.212323
1 0.262778 0.579101 0.043333 0.150708
1 0.409167 0.731474 0.062778 0.350541
1 0.559167 0.722315 0.056111 0.313905
1 0.497222 0.592007 0.022222 0.144879
1 0.370278 0.564113 0.021667 0.130724
1 0.477500 0.580350 0.020556 0.138218
1 0.631667 0.624063 0.025556 0.184013
1 0.760000 0.634471 0.024444 0.171524
1 0.671944 0.656953 0.025000 0.199833
1 0.541667 0.508326 0.013333 0.089092
1 0.529167 0.503331 0.013889 0.072440
1 0.747500 0.502498 0.013889 0.080766
1 0.652222 0.501249 0.011111 0.074938
1 0.685833 0.460866 0.009444 0.064113
1 0.822500 0.460450 0.012778 0.064946
