1 0.253500 0.616366 0.209000 0.373874
1 0.390000 0.536787 0.068000 0.154655
1 0.522500 0.620871 0.109000 0.415916
1 0.660500 0.649399 0.103000 0.521021
1 0.604500 0.527778 0.037000 0.148649
1 0.733000 0.589339 0.052000 0.301802
1 0.605000 0.527778 0.030000 0.148649
1 0.432500 0.539039 0.025000 0.078078
1 0.343500 0.535285 0.039000 0.130631
1 0.774000 0.531532 0.030000 0.159159
1 0.808500 0.520270 0.027000 0.130631
1 0.843500 0.554805 0.059000 0.214715
1 0.914500 0.514264 0.031000 0.100601
1 0.965000 0.518769 0.054000 0.097598
